1, 44569.8
2, 44385.8
3, 44753.7
4, 44569.8
5, 44749.3
6, 44749.3
7, 44753.7
8, 44390.3
9, 44569.8
10, 44888.3
11, 44753.7
12, 44933.2
13, 44569.8
14, 44753.7
15, 44933.2
16, 44565.3
17, 44665.1
18, 44569.8
19, 44933.2
20, 44889.1
21, 44933.2
22, 44704.3
23, 44749.3
24, 44705.2
25, 44753.7
26, 44709.6
27, 44385.8
28, 44660.6
29, 44749.3
30, 44301.7
31, 44753.7
32, 44485.6
33, 44933.2
34, 44574.2
35, 44665.1
36, 44569.8
37, 44749.3
38, 45150.6
39, 44888.3
40, 44660.6
41, 44665.1
42, 44569.8
43, 44753.7
44, 44753.7
45, 44933.2
46, 44569.8
47, 44565.3
48, 44565.3
49, 44708.8
50, 44933.2
51, 44665.1
52, 44888.3
53, 44713.2
54, 44933.2
55, 44301.7
56, 44933.2
57, 44574.2
58, 44844.6
59, 44385.8
60, 44390.3
61, 44933.2
62, 44844.6
63, 44933.2
64, 44749.3
65, 44749.3
66, 44844.6
67, 44665.1
68, 44749.3
69, 44569.8
70, 44665.1
71, 44565.3
72, 44565.3
73, 44569.8
74, 44481.2
75, 44574.2
76, 44569.8
77, 44660.6
78, 44569.8
79, 44753.7
80, 44933.2
81, 44749.3
82, 44569.8
83, 44933.2
84, 44749.3
85, 44569.8
86, 44753.7
87, 44669.5
88, 44749.3
89, 44753.7
90, 44709.6
91, 44524.8
92, 45027.3
93, 44569.8
94, 44883.8
95, 44709.6
96, 44753.7
97, 44565.3
98, 44791.7
99, 44933.2
100, 44749.3
101, 44665.1
102, 44971.2
103, 44574.2
104, 44844.6
105, 44749.3
106, 44889.1
107, 44753.7
108, 44709.6
109, 44565.3
110, 44753.7
111, 44565.3
112, 44749.3
113, 44844.6
114, 44565.3
115, 44665.1
116, 44844.6
117, 44569.8
118, 44665.1
119, 44565.3
120, 44574.2
121, 44749.3
122, 44709.6
123, 44301.7
124, 44753.7
125, 44574.2
126, 45155.1
127, 44933.2
128, 44933.2
129, 44481.2
130, 44436.2
131, 44849
132, 44749.3
133, 44933.2
134, 44933.2
135, 44844.6
136, 44753.7
137, 44753.7
138, 44385.8
139, 44525.7
140, 44569.8
141, 44569.8
142, 44569.8
143, 44660.6
144, 44525.7
145, 44705.2
146, 44520.4
147, 44749.3
148, 44844.6
149, 44569.8
150, 44709.6
151, 44753.7
152, 44665.1
153, 44569.8
154, 44888.3
155, 44665.1
156, 44933.2
157, 44620.2
158, 44749.3
159, 44933.2
160, 44660.6
161, 44749.3
162, 44749.3
163, 44390.3
164, 44753.7
165, 45028.5
166, 44481.2
167, 44569.8
168, 44749.3
169, 44749.3
170, 44749.3
171, 44481.2
172, 44753.7
173, 44660.6
174, 44933.2
175, 44933.2
176, 44749.3
177, 44665.1
178, 44705.2
179, 45150.6
180, 44481.2
181, 45073
182, 44665.1
183, 44753.7
184, 44569.8
185, 44749.3
186, 44565.3
187, 44565.3
188, 44933.2
189, 44889.1
190, 44749.3
191, 44849
192, 44346.2
193, 44574.2
194, 44524.8
195, 44665.1
196, 44933.2
197, 44569.8
198, 44705.2
199, 44569.8
200, 44749.3
201: 44301.7
202: 44634.4
203: 44615.7
204: 44436.2
205: 44436.2
206: 44481.2
207: 45146.4
208: 44485.6
209: 44481.2
210: 44699.9
211: 44436.2
212: 44660.6
213: 44624.6
214: 44742.3
215: 44524.8
216: 44620.2
217: 44799.2
218: 44700.7
219: 44481.2
220: 44787.2
221: 44485.6
222: 44520.4
223: 44390.3
224: 44520.4
225: 44385.8
226: 44665.1
227: 44346.2
228: 44705.2
229: 44524.8
230: 44520.4
231: 44615.7
232: 44660.6
233: 44524.8
234: 44385.8
235: 44436.2
236: 44481.2
237: 44615.7
238: 44565.3
239: 44569.8
240: 44966.7
241: 44791.7
242: 44565.3
243: 44436.2
244: 44390.3
245: 44884.6
246: 44301.7
247: 44615.7
248: 44520.4
249: 44565.3
250: 44346.2
251: 44480.7
252: 44481.2
253: 44660.2
254: 44615.7
255: 44565.3
256: 44520.4
257: 44436.2
258: 44480.7
259: 44615.7
260: 44615.7
261: 44301.7
262: 44804.1
263: 44301.7
264: 44665.1
265: 44660.6
266: 44615.7
267: 44620.2
268: 44485.6
269: 44655.2
270: 44660.2
271: 44704.3
272: 44615.7
273: 44524.8
274: 44704.3
275: 44530.1
276: 44524.8
277: 44436.2
278: 44301.7
279: 44481.2
280: 44481.2
281: 44795.2
282: 44708.8
283: 44665.1
284: 44385.8
285: 44569.8
286: 44569.8
287: 44569.8
288: 44615.7
289: 44480.7
290: 44390.3
291: 44436.2
292: 44524.8
293: 44525.7
294: 44301.7
295: 44480.7
296: 44346.2
297: 44301.7
298: 44480.7
299: 44847.8
300: 44520.4
301: 44385.8
302: 44390.3
303: 44708.8
304: 44799.6
305: 44481.2
306: 44481.2
307: 44569.8
308: 44525.7
309: 44634.4
310: 44436.2
311: 44385.8
312: 44569.8
313: 44390.3
314: 44660.2
315: 44436.2
316: 44436.2
317: 44704.3
318: 44615.7
319: 44301.7
320: 44301.7
321: 44481.2
322: 44660.6
323: 44704.3
324: 44524.8
325: 44525.7
326: 44301.7
327: 44565.3
328: 44485.6
329: 44301.7
330: 44699.9
331: 44436.2
332: 44481.2
333: 44569.8
334: 44930
335: 44385.8
336: 44390.3
337: 44481.2
338: 44525.7
339: 44481.2
340: 44390.3
341: 44301.7
342: 44615.7
343: 44481.2
344: 44713.2
345: 44565.3
346: 44742.3
347: 44390.3
348: 44524.8
349: 44385.8
350: 44520.4
351: 44481.2
352: 44480.7
353: 44480.7
354: 44660.6
355: 44804.1
356: 44799.6
357: 44385.8
358: 44485.6
359: 44615.7
360: 44390.3
361: 44485.6
362: 44436.2
363: 44620.2
364: 44385.8
365: 44301.7
366: 44565.3
367: 44390.3
368: 44659.4
369: 44787.2
370: 44664.7
371: 44520.4
372: 44301.7
373: 44481.2
374: 44390.3
375: 44704.3
376: 44385.8
377: 44665.1
378: 44301.7
379: 44565.3
380: 44565.3
